  5.7073    2.9117
  5.7132    3.1480
  4.3938   14.7251
  3.7122    1.7106
  6.4434    4.9154
  6.3643    2.9405
  5.5368    5.7258
  3.7585    6.5000
  6.6722    5.2654
  6.9566    6.6041
  3.0813    9.9619
  4.7269    2.3436
  5.2991    8.9631
  4.0900   13.3744
  6.1835   13.4894
  5.2417    5.8950
  6.0431    1.3317
  4.6875    1.8296
  6.0892    2.8651
  7.3942    3.2118
  7.2273    1.2806
  5.2031   13.2015
  4.9540    3.2274
  4.8459    6.8079
  6.5192    3.1156
  5.8260    5.5817
  5.6963    1.8420
  3.6701    4.6295
  6.8679   10.9782
  5.3329    7.4246
  7.1395    7.2001
  5.2478    4.6823
  4.3221    1.4196
  5.0290    6.1393
  3.4726   19.9719
  6.3883   25.5908
  4.3700    1.2453
  5.1518    4.3029
  6.4963    2.7318
  5.7275   17.7809
  5.0635    1.9664
  7.2634    5.1782
  5.4589    5.3244
  6.9454    1.0333
  3.9158    6.2430
  6.8870    8.3577
  4.5807    2.7972
  5.7825    1.8342
  6.4668    5.3199
  5.2080    5.4106
  4.6212    1.7228
  5.5901    5.1742
  6.1485    3.5571
  6.0621    7.6340
  6.2477    6.7926
  5.6301    5.0658
  5.3162    7.2307
  4.8832    4.0248
  7.3374   15.3413
  5.9066    4.9113
  5.1363    2.0741
  4.5734    5.1998
  5.4361    1.1695
  5.9385    6.0109
  6.2385    3.5908
  5.2476    3.1023
  4.0708   10.1743
  5.1879    0.8488
  5.8587    6.0820
  6.7350    7.4234
  5.0410    3.3566
  6.2185    5.3087
  5.9647    4.5563
  3.8680    4.3791
  7.4892    1.9566
  5.2177    1.2316
  5.4829    2.1883
  5.7665    1.7698
  4.3741    3.2973
  5.5254    4.3744
  5.9826    2.7133
  5.6655   15.7368
  5.6188    5.1700
  5.0462   10.5631
  6.0125    2.0122
  3.5930   11.9418
  5.3386    6.1531
  4.1782   10.6408
  4.5020    2.7816
  3.8780    3.5204
  5.0889    3.3577
  5.4340   25.6700
  6.3292    6.1816
  6.0914   13.6521
  4.8661   10.9380
  5.8252    7.6194
  6.2731    9.2514
  5.4125    1.2986
  5.6777    0.6078
  7.0118   15.4089
  5.4290    8.0834
  4.9260    5.5616
  5.3572    0.8973
  5.7643    4.9327
  5.2355   19.4541
  4.6720   10.5909
  6.6265   11.5308
  5.5300    7.6682
  6.1028    4.2876
  5.0369    3.2788
  4.8967    7.4037
  4.4082    9.0678
  5.6506    5.2316
  5.3815    9.7594
  5.2384    3.4940
  6.1331    4.8865
  3.9573    4.4319
  5.9525    8.8271
  6.9829    0.6444
  4.4959    4.7958
  6.6250    8.4113
  3.4919    2.5027
  5.1134    4.4629
  4.8783    7.4068
  2.8105    5.6213
  2.6457    2.7151
  4.9297    5.9458
  6.0550    2.0540
  6.2935    3.6783
  6.6628    1.7086
  5.1628   12.7899
  6.0563   11.6856
  4.0089    3.9827
  5.1444    1.2465
  4.8186   10.2462
  5.4265    6.5159
  6.2921    4.9931
  6.3429    9.2357
  6.2546    0.9505
  6.6464   11.7609
  5.7262   12.0596
  5.1843    5.8402
  6.7757    2.9067
  5.8835    8.7121
  3.8667    6.2189
  5.2304    8.0661
  4.5497    4.7962
  6.3063    4.4739
  5.6849    2.9362
  6.2165    0.5468
  5.9247    4.1722
  6.0357    4.2486
  4.5631   16.0580
  5.2418   15.8073
  4.2517   12.0017
  6.5109    2.1208
  3.0924    8.5891
  5.4753    9.6760
  5.2235    6.5213
  6.6962    7.3021
  2.2979    9.8935
  5.4897    4.4552
  6.3612    3.9755
  5.0931    1.8651
  5.9597    6.9310
  7.4001    0.7859
  3.8725    7.2310
  5.6571    3.2141
  4.1950   11.8668
  5.9349    3.5664
  4.8641    0.6549
  6.2966   10.4464
  4.6023    3.2676
  5.5456    4.5519
  3.5485    3.9374
  5.5540    7.2405
  5.3787    6.1549
  5.7318    4.2443
  4.1516    3.2778
  4.8200    0.4962
  7.5430    3.2650
  6.2316    1.8069
  3.5992    2.2599
  4.8701    6.3966
  4.8622    1.9472
  5.4921    3.2888
  4.3767    3.8616
  6.0442    4.8241
  5.1716    1.2987
  5.1688   21.8784
  4.5984    2.8094
  3.7657    4.4950
  6.5485    2.9476
  5.4296    2.0542
  5.4435    9.2231
  5.7676    6.1145
  5.4255    7.4244
  5.2955   12.8224
  3.8141    2.5824
  5.6512    8.0370
  5.0117   10.4875
  5.0287   10.7050
  5.9164    8.7220
  5.6541    7.1206
  6.0059    5.9988
  5.6468    1.5296
  4.6105   11.4076
  4.8609    2.6906
  7.7902    4.8735
  5.8140    3.4712
  4.5501    3.6928
  4.9977   14.7759
  4.3618   14.7109
  5.4648    5.9977
  2.9672    6.4204
  5.3838    4.3510
  5.4306    3.4288
  6.1790    2.9373
  5.4695    2.7891
  5.5379    4.5292
  7.2870    2.1469
  6.0845    1.3482
  5.5193    1.8888
  5.2115    3.5423
  3.9828    7.9854
  5.1917    6.2095
  6.4492    3.2151
  5.4288    1.9922
  4.7654    5.3071
  4.8516    3.3416
  4.5217    3.8893
  5.4642   20.5898
  5.3565    8.6285
  4.2214   13.1748
  7.0998   15.9210
  6.1500    1.5902
  3.6721   18.0549
  5.2452    3.6275
  4.4680   12.2927
  4.2923    3.5073
  6.3923    7.3236
  5.5254    3.8433
  5.7620   14.1353
  7.4986    4.2013
  5.5706   11.5781
  5.7201    5.5982
  5.9702   25.6218
  5.4989   16.2598
  6.1318    2.3504
  5.9369    7.1321
  6.6002   10.2733
  6.4283    1.8509
  5.9445    6.8693
  5.4672   12.2642
  4.6224    6.5082
  6.0906    4.8095
  4.0979    4.6300
  6.7823    1.7926
  5.4868    4.1707
  5.9556    8.4582
  4.4087    2.8117
  6.1804    6.0350
  6.2099    3.0286
  4.5591    3.9490
  6.2402    6.8059
  5.1773    3.8398
  6.3052    2.1475
  7.0303   10.8366
  6.7240    9.2498
  5.6465   12.6976
  4.9860    3.8066
  6.4785    1.3566
  4.3129    5.4062
  3.3298    9.4607
  6.4447    3.1354
  6.3541    6.9206
  5.2390    1.1023
  6.0557   11.6454
  6.8467   11.8316
  5.2662    3.2659
  5.2852    0.6279
  5.6057    6.4148
  4.4897   11.7432
  5.8869    2.8096
  7.1303    3.7187
  4.4993    3.2254
  5.2143    2.5014
  3.5937    5.9129
  5.9935    7.5895
  7.7077    9.0586
  4.6884   14.3185
  6.7336    4.0135
  4.7713    1.4682
  5.5857    2.4037
  5.4283    1.8782
  6.1359   12.3090
  6.9626    5.5693
  7.4437   13.8257
  6.8118    3.2576
  6.1428    3.1000
  2.9464    2.7417
  5.0388    2.6633
  5.7044    4.0052
  7.1439    8.5658
  4.1708    1.5558
  5.0546    4.2605
  3.4070    3.9491
  6.1976   10.1699
  6.3154    1.9182
  3.4091    9.8999
  6.5522   11.3499
  5.6930    8.4435
  5.4825    8.5702
  5.6963   23.8097
  6.2102    4.0111
  5.1615    4.0651
  6.1413    7.4995
  4.5949    6.6196
  5.4969   10.5621
  5.6402   10.3134
  5.0079    5.1146
  7.1492    1.4371
  6.4976    0.6924
  4.9741    4.7277
  3.8228    2.5113
  4.1726    4.4004
  5.0762    9.6273
  5.8192    2.4092
  3.6599    9.2425
  5.2798    4.3501
  5.7660    7.8476
  2.9882    2.2728
  4.7604    4.7591
  5.3920    9.4098
  5.1602    0.4704
  5.1888    6.8037
  5.4537    7.1279
  5.3868    8.4880
  4.1280    4.1565
  6.2107    6.0743
  5.3492    9.9833
  5.2809    4.3118
  7.1639    0.9967
  3.3248    5.1347
  4.3463   13.1309
  4.9456    3.6533
  5.0389    9.3346
  5.2297   11.3272
  4.9679    1.2613
  5.1758   17.3042
  6.5661   10.2900
  6.5030    2.9285
  5.8745    3.0139
  4.4520    7.8580
  5.3281    4.9521
  6.4701    1.3370
  3.0903    7.8466
  4.0221    6.6049
  3.7825    3.7187
  4.4670    2.0605
  5.1756   13.2512
  6.0117    2.6477
  5.7470    2.6670
  6.3305    1.1685
  5.3684    5.6310
  7.2547    7.0186
  5.5785    0.3892
  5.4842    6.8349
  4.0155   14.5407
  5.7282    7.0180
  3.8975    1.1187
  4.6992    8.1213
  7.1055    3.0071
  7.8666    2.0684
  5.0165    2.6899
  5.7912   14.9238
  5.3232    4.8841
  4.5940    2.3419
  5.0176    4.1146
  6.4995    5.8412
  4.9688    4.8101
  4.1436    5.5571
  4.1570    4.1221
  7.0794    4.4095
  6.7973    7.0491
  7.6573    4.7722
  6.2509    9.5094
  4.4235    4.2343
  7.5650    6.9748
  4.5687   10.8591
  5.5790    7.8618
  2.6672    9.1290
  5.4849    3.1902
  5.3942   10.6677
  3.4482    2.2516
  5.5512    4.1719
  5.8243    2.7511
  6.8982   10.4850
  4.7222   11.0063
  4.5824   18.6644
  6.9124    6.1927
  8.4766    5.9291
  6.1341    9.9397
  5.8069    2.7414
  6.4063   11.3484
  5.6021    1.6489
  5.3414   10.8853
  6.3861    2.6552
  6.2334    5.3598
  5.7225    7.9433
  6.1498    9.0271
  6.3359    5.7015
  4.0973    2.8862
  4.1763    2.7361
  4.6927   27.7346
  6.5251    7.9537
  4.6024    4.1449
  6.1266    3.4270
  7.1065    4.4550
  4.5310    7.8845
  4.5020   10.0664
  6.0017    0.9789
  6.1966    4.3494
  4.7850    8.7329
  4.9148   10.5408
  7.2358   14.1444
  5.0759    4.2726
  5.4402    4.8378
  6.8696    3.7904
  4.9119    4.4275
  5.3560   10.5966
  5.6602    1.7226
  5.3407    4.1408
  6.6551    5.3084
  5.9664   14.1989
  5.4335    3.0237
  8.0162    0.7804
  5.3932    4.4155
  5.2660    6.2921
  5.1386    1.7731
  3.7678    6.8007
  5.4016    2.7389
  5.1739    6.8449
  6.1865    6.3602
  5.3280    5.4864
  7.1392    1.4068
  5.7610    3.2544
  5.9937    3.5912
  6.2832    9.3501
  4.5649    4.7494
  6.3960    8.5231
  5.3318    7.1498
  6.5770   14.1555
  5.4715    9.8088
  5.2175    2.5462
  3.8370   11.5760
  4.2030    4.8741
  5.3454    7.7248
  5.0042    5.8129
  5.4684    2.7822
  4.9894    5.6859
  5.0937    8.4164
  6.8765    7.3644
  5.5502    2.3402
  6.2347    2.9669
  5.1399    4.4035
  6.9120    0.3665
  6.7671    5.6080
  4.9360   12.6438
  5.1502    0.7100
  6.7936    7.4135
  5.4273    7.4957
  5.3581    3.7572
  6.4851    5.9617
  5.2180    9.5445
  6.6054    6.3892
  6.8345    6.4051
  5.5182    3.1918
  2.9970    4.6939
  5.4556    9.0491
  5.4146   13.7673
  4.7959    5.5541
  5.0981    2.4637
  3.8807   11.6347
  5.4013    6.1584
  6.3068   13.0583
  3.6491    4.2320
  4.7920    4.4122
  5.3358    1.4364
  6.3422    3.8426
  4.8831    7.6109
  8.0427    0.5756
  5.3552    5.2419
  5.8501    8.7327
  4.2042    4.5573
  6.3297    9.2141
  6.5667    3.4555
  4.3480    2.3316
  4.3790    5.8267
  5.4145    5.1677
